# nanos																																														
24

# nedades																																																
15 

# edad_min																																																	
1

# ntallas	
55

#yrs	desemb	effort	cpue	Bcru	cv_des	cv_cpue	cv_Bc	nm_f
2000	123947	18	0	0	0.1	0	0	20
2001	487949	19	0	0	0.1	0	0	20
2002	487949	19	0	0	0.1	0	0	20
2003	991558	30	0	0	0.1	0	0	20
2004	2399923	40	0	0	0.1	0	0	20
2005	1460006	32	0	49000	0.1	0	0.4	20
2006	1838754	42	0	0	0.1	0	0	20
2007	1011142	36	0	0	0.1	0	0	20
2008	1495154	28	0	0	0.1	0	0	20
2009	1629405	35	0	0	0.1	0	0	20
2010	1019723	34	0	0	0.1	0	0	20
2011	1982109	50	0	0	0.1	0	0	20
2012	2498820	47	0	0	0.1	0	0	20
2013	5739806	69	0	0	0.1	0	0	20
2014	6601882	72	0	47642	0.1	0	0.2	20
2015	4558232	55	0	0	0.1	0	0	20
2016	5744338	78	0	0	0.1	0	0	20
2017	4253444	72	0	0	0.1	0	0	20
2018	2594370	82	0.934	0	0.1	0.090	0	20
2019	2501966	44	1.527	64823	0.1	0.059	0.2	20
2020	4478326	68	0.830	47649	0.1	0.085	0.2	20
2021	7334468	50	1.238	0	0.1	0.051	0	20
2022	17306976	53	1.577	0	0.1	0.030	0	20
2023	7334468	50	1.693	41183	0.1	0.026	0.2	20

# Tallas
1	3	5	7	9	11	13	15	17	19	21	23	25	27	29	31	33	35	37	39	41	43	45	47	49	51	53	55	57	59	61	63	65	67	69	71	73	75	77	79	81	83	85	87	89	91	93	95	97	99	101	103	105	107	109

# Madurez																																														
0.00E+00	0.00E+00	0.2	0.22	3.30E-01	0.35	0.44	0.53	0.62	7.00E-01	0.77	0.83	0.87	9.10E-01	9.30E-01	9.50E-01	0.97	0.98	0.98	0.99	0.99	0.99	1	1	1	1	1	1	1	1	1	1	1	1	1	1	1	1	1	1	1	1	1	1.00E+00	1	1.00E+00	1	1.00E+00	1	1	1	1	1	1	1

# Wmed
1.96E-05	4.33E-04	0.001821994	0.004697051	9.53E-03	0.01676092	0.03	4.01E-02	5.71E-02	0.078046185	0.10343944	0.133623612	0.168967275	0.209833091	0.256578363	0.309555511	0.369112466	0.435593014	0.509337092	0.590681049	0.679957873	0.777497399	0.883626485	0.998669183	1.122946879	1.256778431	1.400480291	1.554366618	1.718749374	1.893938427	2.080241632	2.277964914	2.48741234	2.708886195	2.942687041	3.189113778	3.448463707	3.721032574	4.01E+00	4.307002671	4.620988087	4.9493609	5.292409809	5.65E+00	6.02E+00	6.412480986	6.817096029	7.237812032	7.674910469	8.128671718	8.599375087	9.087298837	9.592720211	10.11591545	10.65715984

# Frec_Tallas																																																	
0	0	0	0	0	0	0	0	0	0	0	0	0	0	0	0	0	0	0	0	0	0	0	0	0	0	0	0	0	0	0	0	0	0	0	0	0	0	0	0	0	0	0	0	0	0	0	0	0	0	0	0	0	0	0
0	0	0	0	0	0	0	0	0	0	0	0	0	0	0	0	0	0	0	0	0	0	0	0	0	0	0	0	0	0	0	0	0	0	0	0	0	0	0	0	0	0	0	0	0	0	0	0	0	0	0	0	0	0	0
0	0	0	0	0	0	0	0	0	0	0	0	0	0	0	0	0	0	0	0	0	0	0	0	0	0	0	0	0	0	0	0	0	0	0	0	0	0	0	0	0	0	0	0	0	0	0	0	0	0	0	0	0	0	0
0	0	0	0	0	0	0	0	0	0	0	0	0	0	0	0	0	0	0	0	0	0	0	0	0	0	0	0	0	0	0	0	0	0	0	0	0	0	0	0	0	0	0	0	0	0	0	0	0	0	0	0	0	0	0
0	0	0	0	0	0	0	0	0	0	0	0	0	0	0	0	0	0	0	0	0	0	0	0	0	0	0	0	0	0	0	0	0	0	0	0	0	0	0	0	0	0	0	0	0	0	0	0	0	0	0	0	0	0	0
0	0	0	0	0	0	0	0	0	0	0	0	0	0	0	0	0	0	0	0	0	0	0	0	0	0	0	0	0	0	0	0	0	0	0	0	0	0	0	0	0	0	0	0	0	0	0	0	0	0	0	0	0	0	0
0	0	0	0	0	0	0	0	0	0	0	0	0	0	0	0	0	0	0	0	0	0	0	0	0	0	0	0	0	0	0	0	0	0	0	0	0	0	0	0	0	0	0	0	0	0	0	0	0	0	0	0	0	0	0
0	0	0	0	0	0	0	0	0	0	0	0	0	0	0	0	0	0	0	0	0	0	0	0	0	0	0	0	0	0	0	0	0	0	0	0	0	0	0	0	0	0	0	0	0	0	0	0	0	0	0	0	0	0	0
0	0	0	0	0	0	0	0	0	0	0	0	0	0	0	0	0	0	0	0	0	0	0	0	0	0	0	0	0	0	0	0	0	0	0	0	0	0	0	0	0	0	0	0	0	0	0	0	0	0	0	0	0	0	0
0	0	0	0	0	0	0	0	0	0	0	0	0	0	0	0	0	0	0	0	0	0	0	0	0	0	0	0	0	0	0	0	0	0	0	0	0	0	0	0	0	0	0	0	0	0	0	0	0	0	0	0	0	0	0
0	0	0	0	0	0	0	0	0	0	0	0	0	0	0	0	0	0	0	0	0	0	0	0	0	0	0	0	0	0	0	0	0	0	0	0	0	0	0	0	0	0	0	0	0	0	0	0	0	0	0	0	0	0	0
0	0	0	0	0	0	0	0	0	0	0	0	0	0	0	0	0	0	0	0	0	0	0	0	0	0	0	0	0	0	0	0	0	0	0	0	0	0	0	0	0	0	0	0	0	0	0	0	0	0	0	0	0	0	0
0	0	0	0	0	0	0	0	0	0	0	0	0	0	0	0	0	0	0	0	0	0	0	0	0	0	0	0	0	0	0	0	0	0	0	0	0	0	0	0	0	0	0	0	0	0	0	0	0	0	0	0	0	0	0
0	0	0	0	0	0	0	0	0	0	0	0	0	0	0	0	0	0	0	0	0	0	0	0	0	0	0	0	0	0	0	0	0	0	0	0	0	0	0	0	0	0	0	0	0	0	0	0	0	0	0	0	0	0	0
0	0	0	0	0	0	0	0	0	0	0	0	0	0	0	0	0	0	0	0	0	0	0	0	0	0	0	0	0	0	0	0	0	0	0	0	0	0	0	0	0	0	0	0	0	0	0	0	0	0	0	0	0	0	0
0	0	0	0	0	0	0	0.797	1.59388	1.59388	8.447561	30.921262	32.833918	54.191903	47.816385	33.630858	22.792477	20.401658	14.823079	15.779407	20.879821	20.082882	14.663691	12.591648	12.591648	9.563277	11.794708	13.547976	17.532675	35.224737	59.611093	87.822761	99.458081	96.589098	71.246414	36.181065	23.430029	18.170226	13.866752	7.969398	7.172458	4.622251	4.781639	2.709595	2.709595	2.072043	2.231431	1.912655	2.231431	0.159	0.159	0.159	0.319	0.319	0
0	0	0	0	0	0.38	0	8.741923	6.461422	9.882174	16.723679	26.22577	31.54694	19.764348	10.262258	10.642341	11.022425	5.701254	7.981756	8.741923	7.981756	7.221589	8.741923	13.68301	42.189282	100.722159	163.055872	166.856708	118.966173	57.77271	35.72786	23.945268	22.04485	10.262258	12.922843	9.882174	7.601672	1.900418	4.561003	4.18092	1.140251	1.900418	0.38	0.38	0	0	0	0	0	0	0	0	0	0	0
0	0	0	0	0	0.32	0	0.32	0.959	3.835091	15.340364	36.752956	55.928412	40.268456	23.969319	23.010547	23.969319	23.649728	15.659955	14.381592	7.350591	4.474273	6.391818	10.866091	18.536274	64.237776	101.629914	133.908597	134.86737	99.073186	63.279003	32.917865	13.74241	6.072228	6.711409	6.072228	3.5155	3.835091	1.278364	0.32	0	0.959	0	0.959	0.639	0	0	0	0	0	0	0	0	0	0
0	0	0	0	0	0	0	0	0.362	2.174701	6.524103	5.799203	7.973904	23.921711	34.795216	28.996013	30.445814	27.908663	25.009061	40.231968	38.782167	44.94382	47.480971	40.956868	56.542225	51.105473	61.616528	80.101486	86.988039	77.564335	61.978978	33.707865	20.297209	15.222907	10.511055	5.074302	4.349402	6.161653	6.161653	6.524103	3.624502	2.537151	2.537151	0.725	0.362	0	0	0	0	0	0	0	0	0	0
0	0	0	0	0	0	0	0.917	0.459	1.834021	7.79459	26.134801	33.01238	29.802843	22.466758	22.466758	29.344337	33.92939	36.221917	55.937643	69.234296	69.692801	79.321412	81.155433	63.732233	49.060064	46.767538	46.767538	46.767538	35.763411	31.178359	21.549748	12.379642	12.838148	8.7116	4.585053	5.502063	1.834021	0.917	1.834021	3.668042	3.209537	1.834021	0.917	0.459	0	0	0	0	0	0	0	0	0	0
0	0	0	0	0	0	0	1.201201	0.601	0.601	0.601	3.003003	6.606607	6.606607	9.60961	20.42042	28.828829	34.834835	46.246246	45.645646	45.045045	66.066066	63.063063	75.075075	96.096096	102.702703	86.486486	60.660661	45.645646	39.63964	28.828829	20.42042	15.015015	11.411411	12.612613	8.408408	5.405405	4.204204	0.601	1.201201	0.601	2.402402	0.601	2.402402	0	0	0	0	0	0	0	0	0	0	0
0	0	0	0.553	0	0	0	0.553	0.553	0.553	1.106195	3.871681	6.084071	6.084071	7.743363	18.252212	21.017699	34.845133	39.269912	69.137168	79.646018	91.814159	101.769912	122.234513	111.725664	80.752212	54.756637	26.548673	25.995575	13.274336	14.933628	8.849558	8.29646	4.977876	6.637168	7.743363	6.084071	6.637168	4.424779	4.424779	1.659292	1.659292	2.765487	1.659292	1.106195	0	0	0	0	0	0	0	0	0	0
0	0	0	0	0	0	0	0	0	1.028807	2.057613	2.057613	2.057613	3.08642	5.144033	5.144033	10.288066	22.633745	13.374486	26.748971	33.950617	60.699588	76.131687	112.139918	143.004115	176.954733	99.794239	69.958848	33.950617	29.835391	19.547325	3.08642	3.08642	8.230453	4.115226	5.144033	3.08642	6.17284	1.028807	7.201646	2.057613	2.057613	1.028807	2.057613	1.028807	0	1.028807	0	0	0	0	0	0	0	0
0	0	0	0	0	0	0	0.698	0.698	4.888268	2.793296	9.078212	14.664804	11.173184	14.664804	5.586592	7.681564	9.776536	6.284916	5.586592	6.98324	16.759777	30.726257	61.452514	103.351955	120.111732	122.905028	88.687151	63.547486	51.675978	27.932961	27.234637	25.837989	13.268156	11.871508	19.553073	15.363128	15.363128	12.569832	13.268156	9.776536	13.96648	14.664804	8.379888	2.793296	5.586592	2.793296	0	0	0	0	0	0	0	0

# sigmaR   
0.6

# dts
0.91 0.5

# Loo | k | Lo |cv_age | M     
136.3 0.0855 15 0.1 0.21     

# h   
0.79

# hiper_estabilidad_q
1

# Sel_A50_rango 
5 1

# nbloquesSel
1

# ybloquesSel
2000 2023

# nbloquesq
1

# ybloquesq
2000 2023

# Fase_q ------------------------
2

# Fase_hiperestabilidad
-3

# Fase_selectividad 
4  

# Opt_seldomo
-3

# Fase_Lo 
-5   

# Fase_cvLo
-4 

# Fase_F
1

# log_priorRo 
5

# opt_Ro
1

# Fase_desvRt
2

# Fase_No
1

# Fase_Fpbr ------------------------
8 

# npbrs 
2 

# Tasas_BDPR 
0.40 0.50

# nmf
4

# mF
1e-5 0.5 1.0 1.5

# nproy
10

# opt_FMRS
1

# FMRS
0.21

# Check
1313

