# nanos 
 23 

# nedades 
 6 

# ntallas 
 30 

# Edades 
 1 2 3 4 5 6 


# Tallas
 5.5 6 6.5 7 7.5 8 8.5 9 9.5 10 10.5 11 11.5 12 12.5 13 13.5 14 14.5 15 15.5 16 16.5 17 17.5 18 18.5 19 19.5 20 

# Ind  yrs | desem | cpue | Bcru | MPH | cv_des | cv_cpue | cv_Bc | cv_mph | nm_f | nm_c
2002	38974	0	0	0	0.2	0.22	0.26	0	25	20	0	0.32
2003	32843	0	0	0	0.2	0.22	0.26	0	25	20	0	0.32
2004	36545	0	0	0	0.2	0.22	0.26	0	25	20	0	0.32
2005	52569	0	0	0	0.2	0.22	0.26	0	25	20	0	0.32
2006	39146	0	194719	0	0.1	0.22	0.26	0	25	20	0.92	0.32
2007	50506	28.93	0	0	0.1	0.22	0.26	0	25	20	0.33	0.32
2008	45078	31.05	114640	0	0.1	0.22	0.26	0	25	20	0.33	0.32
2009	49225	32.17	0	0	0.1	0.22	0.26	0	25	20	0.33	0.32
2010	20123	18.23	0	0	0.1	0.22	0.26	0	25	20	0.33	0.45
2011	16429	15.88	88116	0	0.1	0.22	0.26	0	25	20	0.08	0.45
2012	19763	17.36	0	0	0.1	0.22	0.26	0	25	20	0.33	0.45
2013	21888	30.68	124729	0	0.1	0.26	0.22	0	25	20	0.42	0.3
2014	22951	34.37	113855	0	0.1	0.26	0.22	0	25	20	0.42	0.3
2015	23643	30.08	60498	0	0.1	0.26	0.22	0	25	20	0.33	0.3
2016	18495	11.55	106245	0	0.1	0.26	0.22	0	25	20	0.33	0.3
2017	14134	22.96	66882	0	0.1	0.26	0.22	0	25	20	0.33	0.3
2018	8355	15.06	20361	0	0.1	0.26	0.22	0	25	20	0.33	0.3
2019	11278	21.97	43788	0	0.1	0.26	0.22	0	25	20	0.33	0.3
2020	14523	35.94	160742	0	0.1	0.26	0.22	0	25	20	0.33	0.3
2021	12289	35.42	70259	0	0.1	0.26	0.22	0	25	20	0.33	0.3
2022	10602	31.11	21958	0	0.1	0.26	0.22	0	25	20	0.33	0.3
2023	3418	15.45	27900	0	0.1	0.26	0.22	0	25	20	0.33	0.3
2024	3421	0	91554	0	0.1	0.26	0.22	0	25	20	0.33	0.3

# Frecuencia_flota 
0 0 0 0 0 0 0 0 0 0 0 0 0 0 0 0 0 0 0 0 0 0 0 0 0 0 0 0 0 0
0 0 0 0 0 0 0 0 0 0 0 0 0 0 0 0 0 0 0 0 0 0 0 0 0 0 0 0 0 0
0 0 0 0 0 0 0 0 0 0 0 0 0 0 0 0 0 0 0 0 0 0 0 0 0 0 0 0 0 0
0 0 0 0 0 0 0 0 0.01 0.01 0.03 0.04 0.07 0.1 0.14 0.11 0.09 0.06 0.04 0.03 0.04 0.05 0.06 0.07 0.05 0.01 0 0 0 0
0 0 0 0 0 0 0 0 0 0 0 0 0 0 0.02 0.07 0.1 0.15 0.15 0.15 0.13 0.08 0.04 0.03 0.03 0.02 0.01 0 0 0
0 0 0 0 0 0 0 0 0.01 0.02 0.04 0.04 0.04 0.03 0.04 0.05 0.08 0.11 0.15 0.12 0.11 0.07 0.04 0.02 0.01 0 0 0 0 0
0 0 0 0 0 0.01 0.01 0.02 0.02 0.02 0.02 0.03 0.04 0.07 0.09 0.09 0.1 0.12 0.11 0.1 0.07 0.04 0.02 0.01 0 0 0 0 0 0
0 0 0 0 0 0 0.01 0.01 0.01 0.03 0.05 0.06 0.07 0.07 0.07 0.08 0.09 0.1 0.14 0.12 0.07 0.03 0.01 0 0 0 0 0 0 0
0 0 0 0 0.01 0.01 0.02 0.04 0.05 0.08 0.1 0.08 0.07 0.03 0.02 0.03 0.06 0.11 0.13 0.09 0.04 0.02 0.01 0 0 0 0 0 0 0
0 0 0 0 0.01 0.01 0.03 0.04 0.09 0.08 0.09 0.06 0.04 0.01 0.01 0.01 0.02 0.06 0.1 0.13 0.1 0.05 0.03 0.01 0 0 0 0 0 0
0 0 0 0 0.01 0.02 0.04 0.08 0.12 0.14 0.11 0.08 0.05 0.01 0 0 0.02 0.03 0.05 0.08 0.08 0.05 0.02 0.01 0.01 0 0 0 0 0
0 0 0 0 0 0 0 0 0.01 0.01 0 0.01 0.02 0.02 0.03 0.06 0.11 0.17 0.2 0.14 0.11 0.06 0.03 0.01 0 0 0 0 0 0
0 0.01 0.01 0.01 0.02 0.03 0.04 0.05 0.07 0.08 0.06 0.06 0.08 0.06 0.05 0.05 0.06 0.06 0.06 0.04 0.04 0.03 0.02 0.01 0 0 0 0 0 0
0 0 0 0 0 0 0 0 0 0 0 0.01 0.03 0.07 0.1 0.12 0.15 0.16 0.16 0.09 0.04 0.02 0.01 0.01 0 0 0 0 0 0
0 0 0 0 0 0 0 0.006 0.011 0.013 0.013 0.012 0.011 0.024 0.021 0.036 0.065 0.103 0.13 0.125 0.12 0.145 0.105 0.047 0.011 0.001 0 0 0 0
0.006 0.02 0.131 0.087 0.08 0.065 0.053 0.056 0.025 0.042 0.039 0.058 0.051 0.023 0.016 0.023 0.02 0.02 0.029 0.047 0.041 0.033 0.016 0.007 0.002 0.002 0 0 0 0
0 4.49e-08 4.04e-07 7.91e-07 1.43e-06 0.000548142 0.002008583 0.001739758 0.00493067 0.00943129 0.01355579 0.037402669 0.053075752 0.087173138 0.116130786 0.14 0.153769626 0.145975166 0.10983761 0.058776873 0.035209979 0.020399732 0.007585166 0.002981597 0.000829859 0 0 0 0 0
0 0 0 3e-04 0.0023 0.0065 0.0101 0.0173 0.0331 0.0324 0.0378 0.0319 0.0299 0.0306 0.035 0.0456 0.0737 0.0823 0.1051 0.1109 0.1054 0.0843 0.0613 0.0397 0.0175 0.0058 0.0011 1e-04 0 0
0 0 0 0 0 0 0 0 0 0 0 0 0 0.01 0.02 0.04 0.08 0.13 0.14 0.13 0.14 0.12 0.09 0.06 0.03 0.01 0 0 0 0
0 0 0 1e-06 0.000107 0.000993 0.002659 0.003388 0.002599 0.001414 9.4e-05 0.00027 0.000715 0.00148 0.000777 0.006108 0.016595 0.049517 0.073669 0.096695 0.118573 0.152077 0.15767 0.143215 0.100813 0.0519 0.017306 0.00124 0.000123 0
6e-08 3e-08 3.75e-06 0.00032952 0.00080138 0.00062049 0.00031247 0.00271434 0.00724283 0.02362225 0.04482635 0.06084397 0.07632933 0.06198251 0.05802988 0.04527157 0.05765937 0.06564801 0.06150652 0.05291824 0.06441989 0.06439684 0.05906693 0.06038849 0.06072765 0.04531647 0.02142979 0.00359105 0 0
2e-05 7e-05 0.00116 0.00113 0.00278 0.004 0.00561 0.00617 0.00858 0.00937 0.01106 0.0065 0.01015 0.01272 0.02473 0.07812 0.10986 0.17018 0.19099 0.14309 0.0861 0.0517 0.03428 0.01587 0.01097 0.00354 0.00124 0 0 0
0.000008	0.000021	0.000032	0.000185	0.000769	0.003778	0.007096	0.009227	0.008115	0.005039	0.005151	0.005125	0.023388	0.041280	0.072521	0.106201	0.106704	0.118896	0.130025	0.108831	0.099491	0.066993	0.049004	0.025182	0.006627	0	0.000312	0	0	0

# Frecuencia_cruceros 
0 0 0 0 0 0 0 0 0 0 0 0 0 0 0 0 0 0 0 0 0 0 0 0 0 0 0 0 0 0
0 0 0 0 0 0 0 0 0 0 0 0 0 0 0 0 0 0 0 0 0 0 0 0 0 0 0 0 0 0
0 0 0 0 0 0 0 0 0 0 0 0 0 0 0 0 0 0 0 0 0 0 0 0 0 0 0 0 0 0
0 0 0 0 0 0 0 0 0 0 0 0 0 0 0 0 0 0 0 0 0 0 0 0 0 0 0 0 0 0
0 0 0 0 0 0 0 0 0 0.01 0.08 0.08 0.12 0.13 0.14 0.04 0.03 0.04 0.08 0.1 0.07 0.05 0.02 0.01 0.01 0.01 0 0 0 0
0 0 0 0 0 0 0 0 0 0 0 0 0 0 0 0 0 0 0 0 0 0 0 0 0 0 0 0 0 0
0 0 0 0.01 0.02 0.03 0.04 0.05 0.06 0.06 0.05 0.04 0.03 0.02 0.01 0.01 0.01 0.02 0.03 0.07 0.1 0.1 0.1 0.07 0.03 0.02 0.01 0 0 0
0 0 0 0 0 0 0 0 0 0 0 0 0 0 0 0 0 0 0 0 0 0 0 0 0 0 0 0 0 0
0 0 0 0 0 0 0 0 0 0 0 0 0 0 0 0 0 0 0 0 0 0 0 0 0 0 0 0 0 0
0.01 0 0 0 0 0 0.02 0.03 0.04 0.11 0.14 0.11 0.06 0.06 0.08 0.08 0.07 0.07 0.06 0.03 0.01 0.01 0 0 0 0 0 0 0 0
0 0 0 0 0 0 0 0 0 0 0 0 0 0 0 0 0 0 0 0 0 0 0 0 0 0 0 0 0 0
0 0 0 0 0 0 0 0.01 0.02 0.02 0.02 0.02 0.04 0.06 0.07 0.12 0.1 0.17 0.11 0.1 0.07 0.05 0.02 0 0 0 0 0 0 0
0.02 0.05 0.06 0.08 0.13 0.11 0.1 0.07 0.06 0.04 0.01 0.01 0 0 0 0 0.01 0.01 0.02 0.04 0.05 0.07 0.04 0.02 0.01 0 0 0 0 0
0.01 0.02 0.04 0.03 0.04 0.03 0.03 0.04 0.05 0.06 0.04 0.02 0.04 0.07 0.08 0.08 0.06 0.07 0.07 0.05 0.04 0.01 0.01 0 0 0 0 0 0 0
0 0 0 0.1 0.09 0.07 0.07 0.08 0.16 0.1 0.08 0.01 0.01 0 0 0.01 0.04 0.04 0.04 0.02 0.02 0.03 0.02 0 0 0 0 0 0 0
0 0 0 0 0.03 0.05 0.09 0.11 0.12 0.1 0.09 0.07 0.05 0.01 0.01 0.01 0.03 0.05 0.05 0.04 0.04 0.02 0.01 0 0 0 0 0 0 0
0.003 0.011 0.074 0.13 0.106 0.094 0.101 0.109 0.127 0.097 0.035 0.015 0.005 0.013 0.017 0.018 0.02 0.01 0.011 0.002 0.001 0.001 0 0 0 0 0 0 0 0
0 0 0.01 0.03 0.07 0.12 0.13 0.16 0.16 0.12 0.06 0.02 0.01 0.01 0.02 0.01 0.01 0.02 0.02 0.01 0.01 0 0 0 0 0 0 0 0 0
0 0 0 0 0.0349 0.0238 0.0233 0.0144 0 0.0021 0.0019 0.0051 0.0092 0.0127 0.022 0.0269 0.0688 0.1506 0.1507 0.1431 0.1228 0.0785 0.0783 0.0229 0.0062 0.001 9e-04 0 0 0
0 0 0.001 0.005 0.016 0.082 0.117 0.08 0.063 0.048 0.056 0.061 0.02 0.01 0.006 0.013 0.018 0.013 0.023 0.055 0.069 0.084 0.085 0.052 0.017 0.004 0.001 0 0 0
0.15463 0.23829 0.10697 0.04377 0.03157 0.06816 0.07869 0.06805 0.07235 0.03679 0.02636 0.0141 0.00714 0.00462 0.00943 0.01285 0.00557 0.00387 0.00468 0.00475 0.00311 0.00084 0.00074 0.00023 6e-05 0 4e-05 0 0 0
0.17221 0.19924 0.1671 0.14294 0.13899 0.06921 0.0445 0.02117 0.00556 0.00129 0.00205 0.00173 0.0024 0.00326 0.00163 0.0013 0.00177 0.00319 0.00533 0.00693 0.00547 0.00208 0.00041 3e-05 0 0.00011 1e-04 0 0 0
0 0 0.00012 0.01034 0.02364 0.06857 0.05852 0.06888 0.09073 0.10681 0.07186 0.04232 0.1064 0.12382 0.09471 0.06185 0.03045 0.02009 0.01124 0.00588 0.00274 0.00079 1e-04 1e-04 3e-05 0 0 0 0 0

# Msex 
 0 0 0 0 0 0 0 0 0 0 0 0.01 0.02 0.05 0.12 0.27 0.49 0.71 0.87 0.94 0.98 0.99 1 1 1 1 1 1 1 1 

# Wmed 
 1.059 1.387 1.778 2.238 2.773 3.388 4.091 4.886 5.781 6.780 7.892 9.121 10.474 11.957 13.577 15.341 17.254 19.323 21.555 23.957 26.534 29.294 32.242 35.387 38.734 42.291 46.063 50.058 54.283 58.744

# cvRt | cvNo 
 0.6 0.6 

# dts 
 0.58 0.5 0.16 

# par 
17.7 0.78 7 1.03 1e-04 0.83 0.99
0.1 0.1 0.1 0.1 0.1 0.1 0.1
-4 -4 4 5 -5 -5 -5

# prior_qCPUE_qCru_qMPH 
 1 0.65 1 

# cv_qCPUE_qCru_qMPH 
 10 0.15 10.1 

# proxy_L50f 
 0.5 0.5 

# proxy_L50c 
 0.5 0.5 

# nbloq_selflota 
 1 

# ano_inicio_nbloq_selflota 
 2002 

# nbloq_selCru 
 2 

# ano_inicio_nbloq_selCru 
 2002 2013 

# nbloq_qFlota 
 1 

# ano_inicio_nbloq_qflota 
 2002 

# nbloq_qCru 
 1 

# ano_inicio_nbloq_qCru 
 2002 

# Fase_qf_qcru_qmph 
4  5 5 

# Fase_self_selc 
4 5 

# Fase_Ft 
3

# Fase_dev_Rt_devNo 
2 3 

# opt_ByHolt_1_Ricker_2_sinrelacion_3 
 3 

# opt_Ro 
 1 

# log_priorRo 
 8.8 

# Fase_Fpbr 
 5 

# npbrs 
 3 

# Tasas_BDPR 
 0.3 0.45 0.6 

# nproy 
 1 

# pR 
 1 

# oprec 
 1 

# Opt_simular_0_estimar_1 
 1 

# Coef_hiperestabilidad 
 1 

# Fase_bpow 
 -3 

# pf 
 1 

# test 
 -999 

